# time | HTT_per | RTK_per | Minstrel_per | CSI_RA_per
0.000000	5.797101	13.615023	35.626911	0.000000
0.100000	5.868545	13.821138	45.833333	0.000000
0.200000	4.694836	11.333333	27.838828	0.000000
0.300000	8.920188	13.178295	28.409091	0.000000
0.400000	13.513514	13.440860	36.760125	0.000000
0.500000	4.347826	16.666667	39.463602	0.000000
0.600000	6.666667	14.409722	22.128852	0.000000
0.700000	6.763285	17.361111	29.914530	0.000000
0.800000	3.431373	0.000000	29.738562	0.775194
0.900000	2.487562	10.273973	23.045267	0.000000
1.000000	5.797101	13.181818	30.196078	0.000000
1.100000	4.830918	11.413043	25.000000	0.000000
1.200000	6.944444	14.893617	24.053030	0.000000
1.300000	14.666667	15.891473	30.797101	0.000000
1.400000	11.415525	9.722222	28.352490	0.564972
1.500000	4.761905	22.037037	33.684211	0.000000
1.600000	6.666667	15.053763	31.498471	0.000000
1.700000	11.643836	13.224638	17.063492	0.546448
1.800000	5.714286	12.365591	11.184211	0.966184
1.900000	3.508772	12.234043	5.952381	0.000000
2.000000	3.212851	15.384615	28.464419	0.000000
2.100000	2.150538	14.035088	35.230352	0.000000
2.200000	8.333333	12.941176	40.776699	0.000000
2.300000	5.797101	12.714777	21.111111	0.000000
2.400000	4.901961	12.365591	40.000000	0.000000
2.500000	7.142857	19.642857	20.599251	0.000000
2.600000	7.407407	14.930556	30.120482	0.000000
2.700000	12.100457	11.648746	50.714286	1.351351
2.800000	10.502283	20.555556	28.282828	0.505051
2.900000	12.444444	14.509804	26.819923	0.000000
3.000000	9.589041	1.282051	32.989691	0.000000
3.100000	8.095238	21.354167	27.131783	2.116402
3.200000	4.285714	10.028249	19.379845	0.606061
3.300000	7.981221	21.910112	38.412698	0.396825
3.400000	8.215962	8.075601	16.250000	0.000000
3.500000	5.797101	21.399177	30.588235	0.490196
3.600000	6.190476	12.454212	28.000000	0.000000
3.700000	8.796296	9.498208	22.321429	0.000000
3.800000	4.411765	17.647059	36.200717	0.000000
3.900000	7.619048	18.840580	31.683168	1.204819
4.000000	20.481928	10.805861	20.000000	0.529101
4.100000	5.797101	12.777778	15.492958	0.000000
4.200000	8.447489	12.186380	37.365591	1.025641
4.300000	6.038647	14.734300	31.372549	0.000000
4.400000	2.941176	13.484848	46.456693	0.000000
4.500000	6.666667	20.444444	29.213483	0.854701
4.600000	5.797101	10.000000	33.027523	0.000000
4.700000	11.486486	13.043478	36.601307	0.000000
4.800000	2.985075	15.740741	34.020619	1.538462
4.900000	10.798122	18.703704	39.805825	0.000000
5.000000	7.870370	10.215054	25.842697	0.000000
5.100000	3.921569	14.444444	39.080460	0.000000
5.200000	6.103286	0.000000	27.619048	0.462963
5.300000	1.515152	31.858407	26.881720	0.877193
5.400000	7.042254	11.797753	38.141026	0.000000
5.500000	3.431373	23.754789	28.787879	2.713178
5.600000	8.920188	15.949821	33.009709	0.000000
5.700000	12.719298	10.937500	24.705882	0.490196
5.800000	6.763285	11.616162	21.978022	0.497512
5.900000	19.409283	7.026144	21.666667	0.512821
6.000000	6.666667	12.588652	41.573034	0.000000
6.100000	3.921569	10.034014	32.569975	0.000000
6.200000	6.481481	14.236111	20.000000	0.000000
6.300000	13.063063	10.784314	11.877395	0.000000
6.400000	8.571429	11.403509	37.777778	0.529101
6.500000	8.450704	18.007663	15.476190	0.000000
6.600000	9.259259	12.456140	18.965517	0.843882
6.700000	14.888889	6.902357	30.158730	0.000000
6.800000	10.810811	13.369963	23.045267	0.505051
6.900000	10.502283	13.440860	25.670498	0.000000
7.000000	15.350877	13.131313	16.465863	2.185792
7.100000	8.920188	9.413580	21.285141	0.000000
7.200000	17.049808	8.901515	18.376068	0.000000
7.300000	24.186992	4.931973	28.691983	0.000000
7.400000	17.299578	0.000000	28.978979	0.000000
7.500000	14.692982	21.111111	12.676056	0.000000
7.600000	18.333333	11.413043	43.243243	0.000000
7.700000	22.357724	9.042553	29.000000	0.000000
7.800000	3.864734	6.250000	36.842105	0.406504
7.900000	15.584416	10.622711	20.689655	0.000000
8.000000	8.095238	11.475410	40.909091	0.000000
8.100000	31.060606	10.436137	19.565217	0.000000
8.200000	9.132420	7.222222	28.985507	2.185792
8.300000	12.612613	13.888889	26.739927	0.000000
8.400000	20.987654	15.530303	30.272109	0.000000
8.500000	31.899642	18.965517	25.352113	0.000000
8.600000	26.190476	11.775362	27.027027	0.000000
8.700000	28.030303	13.978495	30.769231	0.000000
8.800000	6.763285	16.483516	43.611111	0.000000
8.900000	6.103286	27.106227	26.356589	0.520833
9.000000	3.431373	12.068966	23.703704	0.000000
9.100000	3.921569	10.087719	23.106061	0.000000
9.200000	5.936073	11.851852	11.695906	0.000000
9.300000	3.482587	8.415842	41.966427	0.000000
9.400000	3.921569	13.978495	47.953216	0.000000
9.500000	5.314010	12.234043	33.633634	0.000000
9.600000	7.042254	0.000000	42.539683	0.438596
9.700000	16.017316	11.290323	7.172996	0.000000
9.800000	2.985075	11.284722	17.479675	0.505051
9.900000	3.864734	5.034722	22.705314	1.025641
10.000000	2.487562	4.882155	19.907407	1.010101
10.100000	4.166667	10.460993	29.347826	0.000000
10.200000	4.225352	8.500000	44.398907	0.000000
10.300000	9.047619	6.122449	20.833333	0.000000
10.400000	16.883117	16.393443	21.729958	0.000000
10.500000	5.392157	14.444444	21.333333	0.000000
10.600000	7.870370	9.039548	36.363636	1.587302
10.700000	11.415525	5.734767	26.344086	0.000000
10.800000	19.753086	8.255452	29.924242	0.444444
10.900000	7.142857	6.491228	32.986111	0.000000
11.000000	6.572770	6.930693	32.698413	0.000000
11.100000	9.389671	7.509158	34.751773	0.000000
11.200000	8.558559	4.125413	39.837398	0.000000
11.300000	9.722222	7.909605	24.031008	0.000000
11.400000	9.722222	9.523810	15.843621	0.000000
11.500000	15.765766	16.666667	23.015873	0.000000
11.600000	8.558559	8.070175	22.222222	0.000000
11.700000	14.502165	7.222222	35.238095	0.000000
11.800000	8.796296	0.000000	39.273927	1.515152
11.900000	6.280193	9.706960	29.629630	0.497512
12.000000	5.555556	10.185185	31.615120	0.000000
12.100000	6.190476	4.736842	37.313433	0.000000
12.200000	6.481481	6.666667	43.636364	1.111111
12.300000	5.147059	13.148148	39.298246	0.000000
12.400000	9.132420	15.750916	49.583333	0.000000
12.500000	5.314010	23.039216	26.754386	1.470588
12.600000	9.259259	11.050725	22.695035	0.000000
12.700000	12.328767	11.050725	38.834951	0.000000
12.800000	8.333333	7.731959	29.861111	0.000000
12.900000	3.921569	14.393939	33.479532	0.000000
13.000000	3.431373	10.701754	16.872428	0.000000
13.100000	5.714286	15.602837	26.222222	0.512821
13.200000	9.132420	10.937500	30.275229	0.617284
13.300000	10.185185	13.402062	15.730337	0.406504
13.400000	3.980100	14.191419	18.699187	0.546448
13.500000	5.714286	17.582418	37.421384	0.000000
13.600000	7.142857	9.963768	22.222222	0.505051
13.700000	6.763285	13.435374	21.978022	1.041667
13.800000	3.431373	11.413043	31.353135	0.000000
13.900000	2.985075	29.017857	16.239316	1.587302
14.000000	6.944444	0.000000	26.525822	0.000000
14.100000	4.901961	10.579710	23.043478	0.000000
14.200000	9.234234	8.143939	32.083333	0.000000
14.300000	4.477612	55.483871	27.287582	0.000000
14.400000	6.428571	10.069444	39.296636	0.000000
14.500000	3.431373	18.007663	29.775281	0.000000
14.600000	2.941176	8.947368	30.612245	0.000000
14.700000	14.414414	10.460993	35.873016	0.000000
14.800000	2.450980	9.027778	27.891156	0.000000
14.900000	4.830918	4.713805	35.988201	0.000000
15.000000	8.571429	6.557377	39.970501	0.606061
15.100000	6.666667	38.500000	43.644068	0.396825
15.200000	5.555556	15.509259	34.722222	2.222222
15.300000	7.142857	16.296296	34.050179	0.483092
15.400000	7.981221	30.978261	19.318182	0.000000
15.500000	6.666667	33.333333	29.824561	0.995025
15.600000	6.666667	21.904762	28.347578	0.505051
15.700000	14.864865	23.595506	44.848485	0.000000
15.800000	6.280193	35.620915	39.622642	0.584795
15.900000	14.473684	6.315789	33.009709	0.000000
16.000000	7.981221	12.015504	36.111111	0.000000
16.100000	8.796296	12.935323	27.368421	0.490196
16.200000	9.459459	0.000000	10.937500	0.000000
16.300000	5.797101	7.037037	22.222222	1.041667
16.400000	4.106280	8.163265	34.625323	0.000000
16.500000	6.280193	18.354430	35.680751	0.877193
16.600000	5.238095	17.058824	34.120735	0.000000
16.700000	6.904762	13.186813	44.144144	0.000000
16.800000	3.921569	15.168539	35.275081	0.505051
16.900000	4.597701	14.393939	13.247863	0.000000
17.000000	1.234568	14.367816	24.615385	0.000000
17.100000	8.080808	11.340206	15.533981	0.000000
17.200000	3.070175	10.339506	15.555556	0.000000
17.300000	2.604167	12.121212	31.587302	0.497512
17.400000	8.796296	35.779817	18.693694	0.000000
17.500000	5.797101	18.235294	36.363636	0.000000
17.600000	6.190476	17.741935	38.235294	0.000000
17.700000	6.666667	15.807560	13.409962	0.000000
17.800000	5.392157	16.151203	31.597222	0.512821
17.900000	4.830918	12.280702	32.420091	0.000000
18.000000	1.010101	8.333333	24.159021	1.041667
18.100000	2.020202	12.833333	20.987654	0.000000
18.200000	2.380952	7.744108	35.185185	0.000000
18.300000	2.525253	13.333333	39.143731	0.000000
18.400000	1.515152	0.000000	36.363636	0.000000
18.500000	4.477612	18.333333	34.444444	0.000000
18.600000	4.761905	10.877193	41.346154	0.641026
18.700000	2.487562	11.054422	11.274510	0.396825
18.800000	2.487562	8.252427	13.915858	0.000000
18.900000	6.481481	5.288462	25.208333	0.000000
19.000000	2.525253	8.333333	34.970238	0.000000
19.100000	2.020202	12.486772	31.060606	0.000000
19.200000	3.864734	8.833333	33.333333	0.000000
19.300000	3.980100	6.105611	34.333333	0.000000
19.400000	4.830918	8.080808	27.777778	0.000000
19.500000	6.190476	9.722222	33.764368	0.432900
19.600000	7.981221	5.633803	26.739927	0.000000
19.700000	9.389671	5.698006	21.014493	0.000000
19.800000	7.511737	3.951890	20.325203	0.497512
19.900000	10.273973	5.000000	21.794872	0.555556